0 0
1 0
2 0
3 0
4 0
5 0
6 0
7 0
8 0
9 0
10 0
11 0
12 0
13 0
14 0
15 0
16 0
17 0
18 0
19 0
20 0
21 0
22 0
23 0
24 0
25 0
26 0
27 0
28 0
29 0
30 0
31 0
32 0
33 0
34 0
35 0
36 0
37 0
38 0
39 0
40 0
41 0
42 0
43 0
44 0
45 0
46 0
47 0
48 0
49 0
50 0
51 0
52 0
53 0
54 0
55 0
56 0
57 0
58 0
59 0
60 0
61 0
62 0
63 0
64 0
65 0
66 0
67 0
68 0
69 0
70 0
71 0
72 0
73 0
74 0
75 0
76 0
77 0
78 0
79 0
80 0
81 0
82 0
83 0
84 0
85 0
86 0
87 0
88 0
89 0
90 0
91 0
92 0
93 0
94 0
95 0
96 0
97 0
98 0
99 0
100 0
101 0
102 0
103 0
104 0
105 0
106 0
107 0
108 0
109 0
110 0
111 0
112 0
113 0
114 0
115 0
116 0
117 0
118 0
119 0
120 0
121 0
122 0
123 0
124 0
125 0
126 0
127 0
128 0
129 0
130 0
131 0
132 0
133 0
134 0
135 0
136 0
137 0
138 0
139 0
140 0
141 0
142 0
143 0
144 0
145 0
146 0
147 0
148 0
149 0
150 0
151 0
152 0
153 0
154 0
155 0
156 0
157 0
158 0
159 0
160 0
161 0
162 0
163 0
164 0
165 0
166 0
167 0
168 0
169 0
170 0
171 0
172 0
173 0
174 0
175 0
176 0
177 0
178 0
179 0
180 0
181 0
182 0
183 0
184 0
185 0
186 0
187 0
188 0
189 0
190 0
191 0
192 0
193 0
194 0
195 0
196 0
197 0
198 0
199 0
200 0
201 0
202 0
203 0
204 0
205 0
206 0
207 0
208 0
209 0
210 0
211 0
212 0
213 0
214 0
215 0
216 0
217 0
218 0
219 0
220 0
221 0
222 0
223 0
224 0
225 0
226 0
227 0
228 0
229 0
230 0
231 0
232 0
233 0
234 0
235 0
236 0
237 0
238 0
239 0
240 0
241 0
242 0
243 0
244 0
245 0
246 0
247 0
248 0
249 0
250 0
251 0
252 0
253 0
254 0
255 0
256 0
257 0
258 0
259 0
260 0
261 0
262 0
263 0
264 0
265 0
266 0
267 0
268 0
269 0
270 0
271 0
272 0
273 0
274 0
275 0
276 0
277 0
278 0
279 0
280 0
281 0
282 0
283 0
284 0
285 0
286 0
287 0
288 0
289 0
290 0
291 0
292 0
293 0
294 0
295 0
296 0
297 0
298 0
299 0
300 0
301 0
302 0
303 0
304 0
305 0
306 0
307 0
308 0
309 0
310 0
311 0
312 0
313 0
314 0
315 0
316 0
317 0
318 0
319 0
320 0
321 0
322 0
323 0
324 0
325 0
326 0
327 0
328 0
329 0
330 0
331 0
332 0
333 0
334 0
335 0
336 0
337 0
338 0
339 0
340 0
341 0
342 0
343 0
344 0
345 0
346 0
347 0
348 0
349 0
350 0
351 0
352 0
353 0
354 0
355 0
356 0
357 0
358 0
359 0
360 0
361 0
362 0
363 0
364 0
365 0
366 0
367 0
368 0
369 0
370 0
371 0
372 0
373 0
374 0
375 0
376 0
377 0
378 0
379 0
380 0
381 0
382 0
383 0
384 0
385 0
386 0
387 0
388 0
389 0
390 0
391 0
392 0
393 0
394 0
395 0
396 0
397 0
398 0
399 0
400 0
401 0
402 0
403 0
404 0
405 0
406 0
407 0
408 0
409 0
410 0
411 0
412 0
413 0
414 0
415 0
416 0
417 0
418 0
419 0
420 0
421 0
422 0
423 0
424 0
425 0
426 0
427 0
428 0
429 0
430 0
431 0
432 0
433 0
434 0
435 0
436 0
437 0
438 0
439 0
440 0
441 0
442 0
443 0
444 0
445 0
446 0
447 0
448 0
449 0
450 0
451 0
452 0
453 0
454 0
455 0
456 0
457 0
458 0
459 0
460 0
461 0
462 0
463 0
464 0
465 0
466 0
467 0
468 0
469 0
470 0
471 0
472 0
473 0
474 0
475 0
476 0
477 0
478 0
479 0
480 0
481 0
482 0
483 0
484 0
485 0
486 0
487 0
488 0
489 0
490 0
491 0
492 0
493 0
494 0
495 0
496 0
497 0
498 0
499 0
500 0
501 0
502 0
503 0
504 0
505 0
506 0
507 0
508 0
509 0
510 0
511 0
512 0
513 0
514 0
515 0
516 0
517 0
518 0
519 0
520 0
521 0
522 0
523 0
524 0
525 0
526 0
527 0
528 0
529 0
530 0
531 0
532 0
533 0
534 0
535 3
536 14
537 5
538 8
539 5
540 3
541 2
542 5
543 2
544 3
545 5
546 2
547 1
548 2
549 1
550 2
551 3
552 2
553 1
554 1
555 2
556 1
557 6
558 1
559 3
560 0
561 1
562 1
563 1
564 1
565 1
566 1
567 1
568 9
569 11
570 5
571 6
572 6
573 3
574 3
575 3
576 5
577 5
578 2
579 1
580 3
581 3
582 2
583 1
584 3
585 1
586 1
587 7
588 5
589 3
590 2
591 6
592 4
593 2
594 3
595 2
596 1
597 2
598 2
599 4
600 5
601 3
602 5
603 4
604 5
605 5
606 2
607 5
608 23
609 15
610 13
611 8
612 8
613 7
614 5
615 9
616 7
617 6
618 9
619 14
620 8
621 10
622 17
623 15
624 10
625 13
626 7
627 11
628 7
629 7
630 7
631 6
632 5
633 5
634 10
635 21
636 13
637 11
638 11
639 11
640 8
641 15
642 9
643 11
644 9
645 11
646 8
647 8
648 10
649 14
650 16
651 15
652 15
653 11
654 13
655 12
656 17
657 17
658 11
659 10
660 10
661 17
662 11
663 8
664 9
665 12
666 17
667 7
668 7
669 12
670 7
671 5
672 6
673 9
674 6
675 5
676 8
677 7
678 6
679 5
680 7
681 7
682 6
683 4
684 11
685 9
686 4
687 11
688 10
689 7
690 17
691 26
692 39
693 21
694 29
695 28
696 18
697 15
698 18
699 19
700 22
701 10
702 14
703 17
704 16
705 12
706 23
707 21
708 20
709 10
710 15
711 20
712 20
713 22
714 27
715 26
716 16
717 15
718 17
719 18
720 13
721 13
722 11
723 17
724 12
725 13
726 12
727 13
728 17
729 15
730 5
731 10
732 13
733 8
734 14
735 13
736 11
737 7
738 7
739 10
740 4
741 11
742 11
743 11
744 9
745 7
746 5
747 8
748 4
749 7
750 8
751 9
752 3
753 12
754 4
755 8
756 6
757 7
758 10
759 3
760 10
761 6
762 7
763 4
764 9
765 14
766 12
767 4
768 6
769 5
770 5
771 8
772 7
773 10
774 8
775 11
776 9
777 8
778 6
779 7
780 16
781 6
782 5
783 5
784 9
785 9
786 3
787 11
788 11
789 10
790 7
791 7
792 6
793 10
794 6
795 6
796 10
797 5
798 6
799 6
800 11
801 2
802 6
803 5
804 15
805 14
806 7
807 1
808 9
809 10
810 10
811 5
812 5
813 5
814 5
815 4
816 3
817 7
818 9
819 5
820 4
821 8
822 6
823 5
824 10
825 7
826 8
827 8
828 6
829 6
830 4
831 4
832 5
833 4
834 2
835 7
836 8
837 2
838 4
839 5
840 3
841 5
842 2
843 7
844 2
845 1
846 4
847 6
848 3
849 2
850 5
851 3
852 4
853 1
854 3
855 3
856 2
857 5
858 6
859 4
860 3
861 1
862 4
863 5
864 1
865 2
866 3
867 5
868 2
869 6
870 4
871 5
872 3
873 1
874 2
875 2
876 1
877 6
878 4
879 6
880 1
881 5
882 2
883 4
884 3
885 3
886 0
887 3
888 3
889 1
890 2
891 2
892 1
893 5
894 1
895 1
896 3
897 1
898 0
899 6
900 2
901 5
902 2
903 1
904 1
905 3
906 4
907 8
908 6
909 0
910 4
911 3
912 1
913 6
914 5
915 12
916 4
917 2
918 5
919 3
920 3
921 3
922 4
923 2
924 5
925 3
926 1
927 2
928 2
929 4
930 4
931 1
932 2
933 0
934 6
935 3
936 2
937 0
938 2
939 1
940 3
941 4
942 1
943 1
944 3
945 4
946 2
947 4
948 2
949 2
950 5
951 3
952 6
953 2
954 1
955 4
956 2
957 2
958 4
959 5
960 0
961 3
962 4
963 2
964 3
965 3
966 1
967 4
968 3
969 2
970 1
971 2
972 2
973 2
974 0
975 3
976 0
977 3
978 1
979 2
980 2
981 3
982 0
983 0
984 1
985 1
986 1
987 1
988 3
989 2
990 2
991 1
992 3
993 4
994 1
995 0
996 5
997 0
998 3
999 1
1000 3
1001 3
1002 1
1003 0
1004 2
1005 1
1006 3
1007 0
1008 4
1009 1
1010 2
1011 3
1012 1
1013 1
1014 2
1015 2
1016 2
1017 1
1018 2
1019 6
1020 3
1021 1
1022 0
1023 3
1024 3
1025 3
1026 2
1027 3
1028 0
1029 0
1030 1
1031 0
1032 1
1033 3
1034 2
1035 2
1036 0
1037 2
1038 0
1039 3
1040 0
1041 3
1042 1
1043 1
1044 2
1045 2
1046 1
1047 0
1048 0
1049 0
1050 3
1051 2
1052 1
1053 0
1054 0
1055 1
1056 0
1057 1
1058 1
1059 0
1060 1
1061 0
1062 2
1063 2
1064 2
1065 1
1066 1
1067 0
1068 0
1069 1
1070 1
1071 1
1072 0
1073 1
1074 4
1075 0
1076 2
1077 1
1078 0
1079 2
1080 2
1081 0
1082 1
1083 1
1084 0
1085 0
1086 2
1087 1
1088 1
1089 2
1090 1
1091 1
1092 0
1093 0
1094 1
1095 0
1096 0
1097 1
1098 1
1099 0
1100 1
1101 2
1102 2
